File Name: not saved
Channel 1: '2G Accelerometer 1', 4182 values, raw ADC, no filters.
Channel 2: '2G Accelerometer 2', 4182 values, raw ADC, no filters.
Channel 3: '2G Accelerometer 3', 4182 values, raw ADC, no filters.

285	184	265
284	185	266
285	185	265
284	186	265
285	185	265
284	185	265
284	185	265
285	185	265
284	185	265
284	185	265
285	184	265
284	185	265
283	185	265
285	184	265
285	185	265
285	185	265
284	186	264
284	184	266
283	185	265
284	185	265
285	185	265
285	186	265
285	185	265
285	186	265
285	185	265
285	185	265
285	186	265
284	186	265
285	186	265
285	185	265
285	185	265
285	185	265
284	185	265
285	185	265
285	185	265
285	184	264
285	186	264
285	184	265
285	184	265
285	186	264
285	185	265
284	185	265
284	184	265
285	185	265
285	185	265
286	185	265
285	186	265
285	185	265
284	184	265
285	185	265
284	185	265
285	184	265
285	185	265
284	184	265
285	185	265
285	185	265
284	185	265
284	185	264
285	185	265
285	185	265
284	185	265
285	184	265
285	185	265
285	185	264
284	185	265
285	185	265
285	186	265
285	185	265
285	185	265
285	185	265
285	185	265
285	184	265
285	184	265
284	185	265
285	185	264
285	186	264
284	185	265
283	185	265
285	184	265
284	185	264
285	185	265
284	184	265
286	185	264
285	185	265
284	186	265
285	184	265
285	185	265
284	184	265
283	185	264
285	185	264
285	184	265
285	185	265
284	185	265
285	185	265
284	185	265
285	185	265
285	185	265
285	185	265
285	185	265
284	186	265
285	185	264
283	186	264
285	185	264
285	185	265
285	186	265
286	184	265
285	184	265
285	184	265
284	185	265
284	185	265
284	185	265
285	184	265
284	185	265
285	185	265
283	185	265
285	184	265
285	185	264
284	186	265
285	185	266
284	185	265
285	185	265
284	185	265
285	185	265
283	184	265
285	185	265
283	185	264
285	185	265
285	184	264
285	185	265
285	185	265
285	185	264
284	184	265
284	184	266
283	185	265
285	184	265
285	185	265
285	185	265
285	185	265
284	186	264
285	186	265
285	185	265
284	184	265
284	184	265
285	185	265
285	185	265
285	185	265
284	185	265
284	185	265
283	185	265
283	185	265
284	184	265
284	185	265
285	184	265
284	185	265
283	185	265
284	185	265
284	184	265
284	186	265
285	185	265
284	185	265
285	185	264
284	185	265
283	185	265
285	185	265
285	185	265
285	186	264
285	184	265
285	185	265
285	185	265
285	185	265
285	185	265
285	185	265
283	186	265
285	185	266
285	184	265
285	185	265
285	185	265
285	184	265
285	186	265
285	186	264
284	185	265
284	185	265
285	185	265
284	185	265
285	185	265
284	185	265
284	185	265
285	185	265
284	185	265
285	185	265
285	184	265
285	184	265
284	185	265
285	184	265
285	184	265
284	184	265
284	185	265
285	185	265
285	185	265
285	185	265
283	185	265
285	185	265
285	184	265
285	185	265
284	185	264
284	185	265
283	184	265
285	185	265
284	185	265
285	184	265
285	185	265
285	185	265
285	185	265
285	185	265
285	185	265
285	185	265
285	184	265
283	185	265
285	185	265
284	185	265
284	184	265
285	185	265
284	185	265
285	184	265
285	185	265
283	184	265
285	185	265
285	186	265
284	185	265
284	185	264
284	185	265
285	184	265
284	185	265
285	185	265
284	184	265
284	184	265
285	185	265
284	184	265
285	186	265
283	185	265
283	184	264
285	186	265
285	184	265
285	185	265
285	186	265
285	185	265
284	184	265
285	186	265
285	185	265
285	185	265
285	184	265
285	185	265
285	185	266
284	185	265
284	184	265
285	184	266
285	185	265
285	185	265
285	185	266
286	184	266
284	184	265
284	184	265
284	185	265
285	186	265
285	185	265
284	185	265
284	185	265
284	184	265
285	184	265
284	186	265
285	185	265
285	185	265
285	185	265
284	185	265
284	185	264
284	185	265
285	185	265
285	184	265
285	185	265
285	186	265
284	185	265
284	185	264
285	184	265
285	185	265
285	185	265
285	185	265
285	185	265
284	184	265
284	185	265
285	185	265
284	185	265
285	184	265
285	184	265
284	185	265
283	185	265
285	186	265
285	185	265
285	184	265
285	185	265
284	185	265
285	185	265
284	185	265
285	186	265
285	185	265
285	184	265
284	185	265
285	185	264
285	184	265
284	185	265
285	184	265
284	185	266
284	185	265
284	185	264
284	184	265
285	185	264
285	184	266
283	184	265
285	186	264
285	184	265
284	184	264
284	186	265
285	185	265
284	185	265
285	185	265
285	185	265
284	185	265
285	185	265
285	184	265
285	185	265
284	185	265
284	185	265
284	185	265
283	185	265
284	186	265
284	185	265
284	185	265
285	185	265
285	184	265
284	185	265
284	184	265
284	186	265
285	184	265
284	185	265
284	185	265
285	185	265
284	185	265
285	186	264
285	184	266
285	185	265
284	184	265
285	184	265
284	186	265
285	186	265
285	185	265
284	185	265
285	185	265
284	184	265
284	185	265
285	184	265
284	185	265
285	185	265
284	185	265
285	185	265
285	184	265
285	184	265
285	185	264
285	185	265
285	185	265
285	185	265
285	185	265
285	185	265
285	185	265
285	184	266
285	184	265
285	185	265
284	185	265
284	185	265
285	185	265
284	185	265
284	185	265
285	185	265
285	185	265
284	186	265
285	185	265
285	185	265
285	184	265
285	185	265
284	185	265
284	185	265
284	185	265
284	186	265
285	185	265
285	185	265
284	185	265
284	185	265
285	185	265
285	185	265
285	185	265
284	184	265
284	185	265
284	185	265
285	185	265
286	185	265
284	185	265
285	184	265
285	185	265
285	185	265
286	185	265
285	185	265
285	185	265
285	185	265
285	185	265
285	185	265
284	185	265
285	185	265
285	185	265
285	185	265
285	185	265
284	185	265
284	184	265
286	185	265
285	186	265
285	185	265
285	185	265
285	186	265
284	185	265
285	185	265
285	185	265
284	185	265
284	186	265
285	186	265
285	185	265
285	185	265
284	186	265
284	185	265
285	185	265
285	184	265
284	186	265
285	186	265
284	185	265
285	185	265
284	186	265
285	185	265
284	185	265
285	184	265
285	186	265
284	185	265
284	185	265
284	185	265
283	185	264
285	186	265
285	185	265
285	185	265
285	185	265
284	185	265
284	185	265
285	185	265
286	185	265
285	185	265
286	185	265
285	185	265
284	185	265
285	184	265
285	184	265
285	184	265
285	185	265
284	185	265
285	185	265
285	185	265
284	185	265
284	185	265
284	185	265
283	185	265
285	186	265
285	184	265
285	184	265
284	185	265
285	185	265
283	185	265
285	185	265
284	184	265
285	185	265
284	185	265
284	185	265
285	185	265
284	185	265
284	185	265
285	185	265
285	184	265
284	184	265
284	185	264
284	185	265
284	185	265
285	185	265
284	184	265
285	185	265
285	185	264
285	185	265
284	185	265
285	184	265
285	185	265
284	185	265
284	185	265
284	185	265
285	185	265
284	185	265
285	185	265
286	185	265
285	185	265
285	185	266
284	185	265
285	186	265
284	185	265
284	185	265
284	184	265
285	184	265
285	185	265
284	185	265
285	185	264
284	186	265
285	185	265
285	185	265
285	185	265
285	185	265
283	186	265
285	185	265
285	185	265
284	186	265
284	184	265
285	184	265
284	184	265
284	185	265
284	184	265
283	184	265
285	185	266
285	184	265
286	185	265
285	184	265
284	185	265
284	186	265
284	185	265
285	184	265
284	185	265
285	184	265
285	185	265
285	185	265
284	185	265
284	185	265
283	185	265
283	185	265
285	184	265
284	184	266
284	185	265
284	185	265
284	184	265
285	184	265
284	185	265
285	184	265
285	185	265
284	185	265
286	185	265
285	184	265
285	185	265
284	185	265
284	185	265
285	185	265
284	185	265
284	184	265
285	185	265
284	186	265
285	184	265
284	185	265
284	185	265
284	185	265
285	185	265
285	185	265
285	184	265
284	185	265
285	185	265
285	185	265
284	185	265
285	184	265
285	184	265
285	185	265
285	186	265
284	185	265
285	184	265
284	185	265
283	185	265
283	185	265
284	185	265
285	184	266
285	185	265
285	185	265
284	185	264
284	184	265
285	185	265
284	184	265
285	185	265
283	185	265
284	185	265
285	184	265
284	185	265
285	185	265
285	185	265
284	185	265
285	185	265
285	185	265
285	185	265
285	185	265
285	186	265
285	185	265
284	185	265
285	185	265
285	184	265
285	185	265
284	185	265
285	185	265
285	184	265
284	185	265
285	185	265
285	184	265
285	185	265
285	185	266
284	185	265
284	185	265
283	184	265
285	185	265
283	185	265
285	185	264
284	185	265
284	184	265
285	184	264
285	185	265
284	185	265
284	185	265
284	185	265
284	184	265
283	184	265
285	185	265
285	185	265
283	185	265
284	185	265
283	185	265
284	185	265
285	185	265
284	185	265
285	185	265
285	185	265
285	184	265
284	185	265
285	185	265
284	185	265
285	185	265
284	186	265
284	185	265
284	186	265
284	184	266
284	184	265
284	185	265
285	185	265
284	185	265
284	185	264
284	185	265
283	185	265
285	185	265
285	184	265
285	185	265
285	185	265
285	185	265
284	185	265
283	185	265
285	185	265
285	185	265
285	184	265
285	185	265
286	185	265
285	184	265
284	184	265
283	184	265
283	184	265
283	184	265
284	185	265
284	186	265
283	184	265
285	185	265
284	185	265
284	184	265
284	185	265
284	184	265
284	185	265
284	185	265
284	184	265
285	185	265
284	185	265
285	185	265
285	185	265
285	185	265
285	185	265
284	184	265
284	184	265
285	185	265
284	185	265
285	185	265
284	185	265
285	184	265
284	185	265
284	185	265
285	185	265
284	185	265
285	185	265
285	185	265
285	184	265
285	185	265
284	184	265
285	185	265
283	185	265
285	184	265
285	185	265
285	185	265
283	184	265
285	184	265
284	185	265
284	185	265
283	184	265
284	185	265
285	184	265
285	184	265
285	185	265
285	185	265
285	185	266
284	184	265
285	185	265
285	185	265
285	184	265
284	185	265
284	185	265
284	184	265
285	185	265
284	185	265
285	185	265
285	184	265
285	184	265
284	185	265
284	184	265
285	185	265
284	185	265
284	185	265
284	184	265
284	185	265
285	184	265
285	185	265
285	185	265
285	185	265
285	184	265
285	185	265
284	185	265
285	185	265
285	185	265
285	186	265
283	185	265
284	184	265
284	185	265
285	185	265
285	185	265
285	186	265
285	185	265
285	185	265
285	185	264
285	185	265
284	184	265
283	185	265
285	184	265
285	185	265
285	185	264
284	185	266
284	185	265
285	185	265
285	186	265
284	185	264
284	185	265
284	185	265
284	185	265
285	184	265
285	185	264
285	186	266
284	185	265
285	184	265
285	185	266
285	185	265
284	184	265
285	185	265
285	186	265
285	185	265
285	185	265
285	184	266
285	184	265
285	185	265
284	185	266
284	184	265
285	185	265
284	184	265
285	185	265
285	185	265
285	185	265
285	185	265
285	185	265
285	185	265
285	185	264
285	185	266
284	186	266
283	184	265
285	186	265
285	186	266
285	184	265
285	184	265
285	185	265
285	185	265
285	185	265
286	185	265
285	185	266
285	185	265
285	185	266
285	185	265
284	184	265
284	184	265
285	185	265
284	185	265
285	185	265
285	186	265
285	184	265
285	184	265
283	185	265
284	185	265
284	184	266
283	185	265
285	185	265
285	184	265
284	185	265
285	185	265
284	184	265
284	185	265
284	185	265
283	186	265
284	185	265
284	185	265
283	184	265
285	184	265
285	185	265
285	184	265
285	184	265
285	185	265
285	185	265
284	184	265
285	184	265
278	186	263
291	183	271
285	186	265
283	184	255
288	187	278
281	179	273
285	188	249
283	184	275
283	184	261
288	186	266
285	183	273
284	186	254
285	184	273
283	184	263
285	186	261
285	184	272
284	185	260
285	185	268
285	185	265
285	185	261
285	184	270
285	184	262
285	185	266
284	184	267
284	184	264
285	184	268
285	185	263
285	185	266
285	184	266
285	186	263
285	184	267
285	184	265
284	185	265
284	185	265
285	185	265
285	184	266
285	185	265
285	184	265
284	185	265
285	184	265
284	184	267
286	184	271
283	186	256
286	187	258
285	190	265
287	188	274
284	175	266
285	187	264
284	183	268
285	183	268
284	184	268
285	184	268
283	184	262
283	185	266
286	188	265
285	184	268
285	185	265
284	186	263
282	184	265
285	186	268
286	186	265
285	187	264
288	188	261
281	185	274
285	186	282
285	184	264
285	187	268
285	186	271
285	187	273
285	187	270
288	187	270
288	186	280
280	184	284
285	185	276
286	185	285
283	185	284
286	186	284
286	185	290
280	186	296
281	186	296
284	187	295
288	185	302
281	188	302
286	186	300
292	184	308
282	184	328
274	182	330
276	181	344
271	184	340
285	188	348
278	184	378
251	181	403
238	181	398
253	179	396
258	183	404
250	186	381
288	183	366
274	183	422
231	181	435
229	181	428
255	180	410
255	182	443
222	187	457
230	181	443
243	177	435
238	183	470
215	186	475
218	185	491
225	174	457
208	184	483
208	176	483
221	170	473
228	180	460
238	186	474
222	161	493
197	166	518
212	172	500
204	163	520
199	194	543
189	190	525
171	150	502
187	164	488
189	169	518
163	150	543
149	134	536
131	143	538
156	137	547
138	139	560
123	151	561
132	144	552
99	114	567
138	144	557
118	150	567
107	149	580
118	147	585
108	134	580
113	139	565
101	137	600
103	153	612
95	148	595
92	149	589
94	145	592
96	143	589
93	145	588
83	147	593
108	138	587
91	161	598
86	154	600
84	149	609
74	153	614
80	152	598
61	151	613
85	146	591
98	144	600
78	153	606
79	152	607
82	148	601
78	152	598
79	161	603
82	146	597
69	139	618
74	143	623
56	133	594
68	148	603
93	153	616
98	143	605
63	153	605
48	154	617
63	151	603
70	150	617
77	155	632
68	162	614
39	168	601
39	174	594
49	171	623
53	168	636
43	163	635
52	164	611
50	169	628
43	179	620
11	183	642
13	181	655
21	176	638
13	186	632
12	181	640
36	182	644
25	185	634
35	192	645
31	176	639
-4	188	652
3	182	645
30	190	625
2	198	625
1	211	647
-19	203	649
-36	199	660
-11	203	647
6	210	642
-26	214	650
-33	203	637
-24	208	647
-5	207	648
-43	209	666
-51	195	669
-49	196	659
-2	206	647
-21	199	640
-50	191	645
-44	188	654
-34	198	670
-36	208	675
-43	208	649
-61	202	654
-41	200	660
-64	205	655
-64	203	664
-24	208	664
-33	211	663
-26	209	657
-51	198	657
-44	210	652
-51	210	648
-38	211	656
-11	205	642
1	198	648
21	207	646
9	208	634
4	214	652
21	215	638
21	208	618
41	210	620
43	218	635
54	218	631
71	218	627
74	221	613
80	224	604
73	210	602
76	217	621
98	221	628
109	214	572
126	209	552
131	210	561
140	219	563
153	209	541
169	208	542
176	212	546
184	206	512
172	209	498
169	207	516
191	209	518
200	193	516
181	208	504
200	209	502
216	198	498
212	198	488
228	198	468
223	192	464
232	196	452
238	193	445
238	193	441
237	183	430
230	189	427
221	188	440
244	189	427
253	188	421
257	187	412
235	177	415
243	177	423
260	193	400
276	186	372
278	186	368
260	189	357
254	179	353
266	178	351
271	179	347
281	189	327
278	181	314
276	177	316
284	171	320
283	182	305
285	186	289
283	186	268
276	187	276
268	183	288
276	182	294
288	187	275
286	188	271
281	188	270
270	173	299
263	187	296
293	187	291
298	191	278
270	189	269
258	184	305
255	186	302
269	187	328
296	194	338
300	188	360
289	185	386
242	193	400
251	201	395
259	193	395
253	206	405
261	199	423
277	200	417
250	196	426
243	196	443
242	206	463
228	199	470
215	207	463
221	201	478
220	201	497
213	203	493
208	201	516
216	208	530
199	213	503
178	209	498
171	209	504
169	200	524
165	216	558
148	216	586
129	224	582
116	238	585
126	229	583
104	207	573
116	222	585
122	231	570
125	219	608
96	231	644
87	243	622
63	234	622
59	234	612
64	227	622
72	244	627
72	238	634
54	229	628
40	230	630
36	241	634
21	239	641
13	241	660
12	229	659
20	224	639
16	246	647
-14	252	655
-25	241	660
-26	227	665
-14	227	639
-17	228	640
-39	246	649
-49	239	659
-62	225	647
-52	221	665
-45	235	623
-26	246	647
-76	226	678
-93	249	684
-93	219	674
-80	235	636
-94	217	650
-116	244	659
-119	240	670
-116	237	677
-116	228	680
-124	231	657
-103	238	661
-101	228	666
-110	236	670
-103	229	667
-115	231	677
-129	229	679
-136	231	678
-99	229	682
-89	247	678
-87	239	680
-74	218	664
-69	219	645
-55	235	643
-44	238	654
-29	233	675
-2	223	648
-20	206	642
-4	221	638
-4	219	621
8	220	626
37	228	634
41	219	647
48	219	627
56	223	600
49	218	614
63	223	617
79	208	610
93	214	607
114	218	615
115	218	585
114	213	566
113	213	565
121	213	579
140	213	573
149	207	553
153	212	537
158	213	527
170	207	547
179	213	542
173	208	533
193	206	517
198	204	500
190	210	505
196	211	498
208	199	501
220	209	495
227	208	476
220	207	452
209	208	425
218	214	430
235	207	443
240	208	461
255	207	448
249	211	418
234	213	404
239	208	411
252	207	432
252	200	452
252	209	426
258	208	394
257	211	385
252	209	376
244	204	395
261	198	419
273	207	407
281	200	388
261	204	366
249	205	356
256	208	377
270	208	389
286	212	372
293	207	345
280	207	318
265	208	326
261	209	344
285	211	331
308	204	302
305	213	273
271	224	238
246	218	255
257	211	284
288	214	303
321	212	293
310	207	259
275	218	250
258	218	259
266	210	289
302	216	301
319	213	255
295	208	238
265	225	214
259	217	235
271	206	274
313	218	278
331	211	240
295	210	219
253	212	220
248	219	223
273	222	244
308	220	255
316	216	246
290	206	249
271	213	250
263	211	258
277	218	256
290	216	266
295	206	273
290	214	270
281	216	275
274	214	283
282	213	291
282	204	316
280	216	330
256	211	332
255	229	321
255	224	350
282	232	389
285	209	423
262	205	435
238	211	437
241	231	459
242	244	429
260	219	482
258	224	470
241	234	460
204	239	475
203	239	428
76	206	511
251	267	507
267	242	523
223	235	524
198	247	540
176	227	583
138	238	566
134	256	538
129	251	563
112	229	569
112	236	596
102	249	596
119	252	609
93	264	625
58	273	620
49	250	600
34	244	615
45	261	647
36	261	662
15	248	640
3	238	625
24	261	637
31	267	629
-6	268	645
1	273	667
-8	264	652
-30	252	643
-24	266	656
-13	271	650
-42	256	635
-41	268	644
-53	250	685
-86	247	655
-89	263	628
-89	266	690
-103	278	689
-125	266	675
-131	263	682
-136	265	660
-133	278	640
-129	269	667
-123	279	646
-132	248	703
-138	244	675
-133	267	671
-147	264	659
-176	261	658
-186	276	679
-173	264	685
-164	256	665
-154	261	661
-147	266	670
-140	251	662
-125	248	665
-129	261	675
-135	258	665
-111	261	661
-115	250	662
-119	234	667
-124	248	672
-110	258	664
-90	261	647
-68	256	660
-71	236	670
-71	229	672
-60	253	674
-43	262	654
-38	275	641
-54	262	641
-56	253	654
-53	264	658
-39	254	660
-28	233	631
12	225	642
-1	264	659
-34	254	664
-57	240	656
-36	264	655
-21	278	649
-13	247	654
-30	246	656
-25	241	645
-34	223	635
-6	247	679
-4	267	705
-7	228	673
-19	205	597
-47	193	639
12	234	632
64	246	652
63	239	657
29	238	639
22	221	617
36	210	614
46	216	613
48	243	622
49	223	622
56	233	623
60	189	627
66	207	618
54	231	584
48	229	609
69	224	630
72	204	602
71	206	657
80	203	605
56	204	617
48	216	625
61	202	605
72	184	571
96	204	624
102	225	652
89	178	622
59	183	615
56	201	599
78	218	605
101	216	605
96	221	585
89	194	575
76	179	559
97	178	602
147	193	634
139	181	606
134	171	586
143	185	567
134	189	498
138	169	543
164	168	562
151	163	566
145	170	558
156	178	524
154	167	499
165	163	525
174	165	536
174	160	525
183	153	505
199	149	500
201	149	503
200	142	508
193	140	511
203	166	483
217	169	449
238	148	427
225	139	432
225	150	453
244	156	428
242	145	392
251	130	399
246	138	421
260	143	418
251	148	390
245	141	368
247	140	386
253	134	381
255	132	375
250	149	361
257	147	343
260	134	318
256	123	363
285	136	382
288	148	360
276	128	320
266	143	323
261	140	320
266	131	321
263	143	333
267	143	323
266	131	318
279	115	303
283	113	305
279	126	318
273	127	321
267	133	321
266	136	321
267	134	316
268	130	303
268	129	310
267	143	323
281	138	332
280	131	325
285	138	315
273	135	299
269	126	309
285	114	313
295	129	308
287	132	291
280	117	270
264	124	269
266	136	290
266	134	290
259	131	273
259	129	270
258	126	272
265	119	253
266	128	256
251	139	253
248	140	258
264	134	266
265	141	248
270	121	223
291	121	253
286	127	268
291	136	270
293	134	250
266	144	275
288	155	292
298	150	281
305	131	263
320	119	286
316	131	300
286	141	299
275	154	278
253	154	268
250	161	282
258	146	286
250	141	284
267	137	281
289	124	275
294	124	276
296	122	282
276	142	296
280	143	283
279	144	283
291	140	293
291	143	306
271	135	295
268	131	306
296	128	308
286	134	302
260	133	312
280	129	315
272	128	305
255	143	305
258	154	301
258	157	298
271	141	296
262	130	304
261	147	320
239	163	311
241	158	311
276	133	326
290	123	323
276	128	323
266	133	324
283	126	306
266	132	314
269	134	321
290	118	325
275	111	338
273	114	327
251	143	318
253	143	344
261	143	384
276	136	401
250	138	404
216	152	389
206	162	400
236	145	446
250	125	459
250	127	483
229	144	508
210	148	513
195	150	500
180	152	503
166	151	502
135	149	507
157	141	455
199	157	565
181	168	583
153	148	562
94	158	545
103	158	597
145	168	558
114	172	597
95	178	644
61	158	642
69	182	627
36	195	631
46	205	639
58	204	602
29	211	598
23	197	639
13	204	674
23	216	647
17	223	655
1	213	659
-9	232	647
-23	221	658
-30	216	663
-18	244	679
-5	251	673
-39	228	639
-38	238	652
-47	246	674
-26	258	686
-31	256	667
-22	249	634
-70	243	630
-47	264	639
-11	278	667
-40	278	690
-58	265	699
-45	258	679
-47	269	651
-64	270	635
-64	260	617
-77	254	648
-71	263	670
-45	261	681
-49	269	687
-66	279	669
-79	277	643
-95	276	635
-81	263	634
-59	252	658
-66	258	684
-84	269	673
-79	263	641
-111	259	662
-115	291	660
-90	307	676
-99	291	662
-123	276	654
-101	284	671
-89	283	677
-93	276	674
-84	275	662
-87	273	634
-78	269	658
-56	272	684
-35	283	682
-21	283	662
-10	291	639
4	289	630
16	285	637
24	281	635
43	268	635
57	260	612
76	260	597
93	261	575
94	248	568
109	251	566
130	251	554
135	243	554
168	234	567
181	232	554
178	233	526
179	222	509
187	236	493
211	230	492
212	210	485
213	210	455
217	205	453
226	211	440
228	204	421
230	202	420
249	185	404
250	183	386
261	184	383
265	184	368
286	174	363
297	171	365
290	173	340
269	173	323
253	180	300
251	181	284
243	176	275
283	170	275
323	156	261
298	160	245
266	169	251
248	179	256
276	174	252
288	166	218
295	159	212
296	161	206
276	166	205
263	168	215
267	164	251
276	169	251
291	166	241
279	166	233
275	171	244
278	166	253
273	163	296
267	168	349
282	184	355
291	168	361
273	160	360
251	159	382
251	172	438
270	201	463
272	199	449
228	189	430
215	176	458
200	172	479
173	194	509
160	214	539
181	201	588
169	197	563
111	205	578
109	207	587
125	247	626
111	242	621
81	231	625
44	232	638
4	238	635
19	252	637
22	247	665
10	251	655
-48	238	645
-35	234	661
-27	235	639
-53	239	637
-46	255	669
-54	273	655
-86	263	639
-86	258	670
-69	253	672
-97	250	639
-115	248	665
-128	266	680
-133	274	692
-128	269	671
-129	273	647
-144	283	653
-146	279	644
-139	266	664
-166	259	689
-154	268	679
-143	269	689
-153	259	680
-138	274	669
-147	279	659
-141	268	664
-118	254	674
-97	262	675
-90	267	673
-86	249	666
-81	251	676
-54	263	679
-13	254	656
11	245	638
9	248	623
46	250	630
59	232	628
51	236	632
84	219	625
83	200	580
76	208	541
94	221	534
123	225	564
156	220	577
178	210	572
154	198	549
146	204	552
161	208	557
179	195	548
191	199	515
206	198	480
189	183	480
199	175	523
236	168	502
246	152	430
237	161	383
216	170	350
208	184	346
235	175	371
266	151	370
296	141	361
291	137	340
262	143	361
276	147	355
278	148	336
277	150	311
281	153	285
286	147	269
281	138	251
252	144	243
260	156	228
266	152	231
265	152	226
281	133	231
283	133	257
276	139	259
291	144	254
275	142	240
268	146	249
288	147	256
291	150	242
286	135	250
285	137	247
279	149	240
288	135	241
288	138	209
298	148	197
283	146	184
256	156	148
252	168	128
250	150	107
249	148	81
243	157	51
225	156	32
224	154	22
209	160	28
213	162	21
197	166	-3
163	163	-15
169	164	-43
176	156	-68
155	167	-61
110	183	-52
106	175	-93
99	167	-140
66	173	-141
53	177	-101
35	179	-109
40	176	-157
32	159	-165
-19	172	-150
-28	188	-128
-21	196	-141
-35	181	-184
-46	178	-182
-93	176	-176
-108	185	-158
-82	191	-149
-94	190	-178
-72	184	-189
-123	175	-178
-141	179	-181
-148	193	-134
-124	206	-172
-112	196	-190
-119	189	-191
-144	186	-174
-138	183	-164
-106	196	-185
-94	193	-197
-76	186	-198
-97	186	-152
-105	188	-166
-34	191	-171
14	193	-184
44	178	-91
64	168	-29
99	188	-54
133	169	-35
165	163	-26
179	124	64
221	148	92
231	176	113
237	161	124
246	151	113
245	133	203
264	168	265
303	183	278
300	162	261
271	136	240
248	147	250
251	164	346
290	181	415
308	178	406
311	149	394
260	148	359
226	143	378
250	163	418
298	171	445
290	186	425
280	164	385
262	155	368
263	165	366
281	159	364
297	154	370
304	151	338
279	151	305
278	149	276
280	176	256
294	156	232
280	137	165
235	143	139
228	146	64
229	139	36
206	156	14
193	139	-4
165	125	-39
138	138	-37
134	143	-49
136	148	-78
122	151	-88
87	151	-94
58	143	-113
54	141	-135
28	151	-121
14	154	-136
-8	146	-122
-11	150	-164
-45	148	-161
-88	143	-165
-126	159	-158
-92	158	-178
-106	151	-163
-128	149	-161
-171	159	-170
-205	161	-186
-221	162	-190
-211	160	-171
-209	156	-174
-186	156	-149
-145	152	-184
-171	153	-173
-149	162	-198
-146	166	-189
-133	164	-146
-134	145	-150
-116	162	-134
-18	178	-168
-38	162	-183
-20	146	-144
28	149	-98
36	151	-55
88	156	-8
166	170	-8
181	149	25
166	143	53
210	121	152
280	151	201
281	174	223
298	144	249
305	134	260
271	122	290
267	143	306
320	183	311
329	169	346
328	153	335
288	152	324
282	150	299
276	153	301
279	166	297
295	158	291
266	147	267
232	147	266
272	166	281
304	156	285
276	151	287
293	153	286
295	148	286
266	153	274
261	159	269
273	156	266
280	151	266
288	160	273
291	169	292
263	179	270
250	181	266
251	188	269
248	211	269
269	223	278
307	233	281
300	263	284
294	252	288
274	271	292
255	314	267
261	321	270
292	343	276
276	346	277
246	368	273
230	385	299
232	379	297
230	409	296
191	430	277
182	464	259
188	464	292
214	474	313
194	499	325
184	510	340
153	513	311
140	530	306
144	536	296
119	541	308
138	574	310
146	584	321
113	603	335
103	571	313
108	567	326
119	589	321
66	594	315
41	586	320
47	609	303
73	607	306
87	612	316
63	614	326
28	609	326
22	616	307
39	626	316
45	623	309
52	620	308
62	621	298
83	591	299
103	565	327
136	550	337
161	546	338
160	515	320
180	469	295
230	444	314
276	406	288
277	374	298
249	314	285
194	316	240
215	275	248
255	237	235
268	219	229
282	206	206
270	213	208
266	203	248
266	169	277
272	157	270
275	108	233
252	99	206
241	122	239
288	138	245
250	135	213
226	124	230
253	120	241
259	86	248
284	94	257
276	133	261
236	136	268
201	156	261
214	195	283
263	183	263
296	243	266
303	296	273
258	299	258
247	299	285
318	359	265
333	382	278
292	366	284
256	388	301
231	398	296
236	420	286
234	448	266
220	459	270
189	447	286
198	500	311
191	533	308
134	513	292
119	534	296
119	530	308
133	571	328
139	611	333
125	569	344
118	524	319
59	544	328
61	579	295
80	621	338
83	616	306
51	609	293
-11	636	308
9	621	290
-1	612	331
-3	634	341
-9	671	336
-14	669	347
7	639	338
8	601	328
16	576	335
53	580	321
84	578	305
123	570	310
139	559	314
168	534	311
190	491	337
199	499	294
224	501	268
255	475	275
254	435	273
251	394	285
231	361	293
241	338	311
227	316	290
243	298	301
280	276	316
268	268	265
275	276	268
258	252	293
244	233	271
221	214	244
262	191	261
279	200	294
247	171	278
295	172	226
321	180	250
296	189	269
270	193	243
254	146	246
298	169	233
303	148	251
300	157	278
313	158	285
316	151	241
283	141	236
300	149	271
296	121	241
335	86	228
329	86	248
295	101	283
266	113	301
233	69	328
211	21	366
229	4	375
172	-16	302
184	-34	331
179	-43	334
179	-51	342
143	-81	358
131	-108	367
116	-70	383
103	-49	389
53	-101	387
68	-146	371
-13	-118	344
4	-121	370
5	-177	379
-6	-152	316
-41	-118	284
-61	-149	331
-75	-197	364
-94	-218	301
-137	-210	310
-121	-154	316
-118	-166	318
-151	-186	307
-163	-194	285
-162	-202	295
-164	-208	306
-154	-203	289
-171	-203	334
-171	-224	358
-185	-221	367
-166	-199	345
-151	-183	315
-116	-168	358
-58	-156	399
-38	-149	345
-42	-164	295
1	-174	303
31	-115	343
50	-61	326
109	-29	262
108	-57	233
127	-53	282
169	-44	306
177	-11	310
225	33	310
231	44	321
220	64	318
250	74	298
245	93	294
245	95	320
281	133	340
294	184	331
285	198	320
305	204	305
293	237	300
311	253	303
363	281	281
366	283	290
379	283	303
407	267	305
371	253	316
364	233	345
372	234	310
335	218	287
312	188	278
287	148	275
286	93	275
270	81	311
236	69	307
216	35	312
201	-27	281
205	-51	276
184	-70	251
144	-78	265
139	-47	288
113	-29	280
77	-61	273
81	-101	277
53	-111	257
48	-146	225
48	-185	218
31	-178	269
14	-150	260
-6	-163	260
-9	-151	269
-12	-171	285
-37	-219	247
-31	-180	270
-25	-173	312
-13	-181	261
-73	-229	238
-113	-211	273
-85	-193	337
-44	-174	337
-61	-169	341
-74	-169	322
-109	-194	326
-114	-220	317
-134	-216	323
-147	-186	325
-149	-189	323
-148	-197	343
-162	-161	339
-169	-161	315
-181	-191	293
-198	-214	288
-194	-216	310
-183	-206	331
-171	-190	315
-175	-171	301
-146	-164	336
-80	-149	343
-56	-152	309
-46	-158	305
-8	-154	336
23	-143	319
43	-143	306
64	-138	331
89	-71	335
115	-51	341
156	-32	341
163	-18	275
177	6	282
196	29	305
225	33	257
242	62	251
242	69	246
255	68	235
294	130	171
274	168	194
274	151	217
297	186	211
324	197	184
330	223	184
288	237	166
287	240	168
311	258	186
316	277	216
322	289	235
358	294	250
350	281	250
354	286	275
335	268	280
259	262	265
259	261	284
253	231	285
261	234	295
283	251	276
272	251	280
276	253	332
281	253	340
283	275	328
278	261	338
268	254	364
275	268	339
335	239	328
370	219	354
411	226	371
390	228	343
409	249	316
385	249	319
335	219	321
283	195	305
237	162	320
188	177	279
152	211	244
103	225	230
66	224	227
73	215	238
95	201	221
82	196	233
119	176	267
226	159	265
310	166	272
386	181	298
444	190	329
468	228	349
500	238	334
543	238	338
505	238	353
459	249	351
396	264	327
334	274	309
280	264	293
256	248	282
223	248	296
164	244	285
151	229	282
139	231	282
116	229	282
101	206	260
117	189	259
153	203	250
179	198	245
233	194	258
288	204	283
356	234	267
421	249	278
457	270	326
482	262	335
532	255	324
534	236	326
518	218	310
438	198	289
346	191	270
268	190	282
213	199	274
156	194	265
124	188	273
115	168	285
83	173	278
70	184	256
73	202	263
104	221	276
132	218	270
181	228	251
248	244	280
286	229	295
330	185	310
429	189	316
513	221	295
558	204	281
567	184	279
525	171	284
464	191	272
378	184	277
295	171	281
232	169	288
176	166	266
144	166	292
99	164	315
94	165	287
129	156	260
177	168	265
208	186	298
263	194	280
265	186	244
283	174	240
343	174	224
336	186	209
335	176	209
356	179	163
349	166	133
348	171	136
325	177	168
298	158	186
298	155	186
308	156	211
308	176	224
275	174	261
248	153	337
248	157	382
237	146	413
250	148	440
283	169	453
259	163	490
241	182	485
256	183	456
274	189	410
295	209	411
278	221	417
275	199	391
291	178	372
277	158	328
256	164	263
259	159	218
268	142	181
265	136	135
281	133	118
294	126	127
277	122	119
299	127	96
305	122	101
325	138	119
306	145	156
297	153	200
281	167	223
286	179	242
276	167	274
263	159	353
301	179	408
315	192	401
283	196	406
270	206	451
263	214	478
275	206	472
294	199	471
285	194	470
261	189	427
255	183	373
241	161	343
243	136	344
256	123	305
272	119	241
267	121	211
268	135	188
281	141	146
277	133	151
283	119	162
289	124	126
284	122	89
285	110	88
296	102	86
308	107	86
304	115	117
298	123	175
294	138	203
290	144	230
280	153	256
288	165	299
300	186	345
291	200	382
276	193	399
271	176	404
258	163	393
257	179	361
270	184	356
281	174	363
278	150	374
280	138	379
270	128	348
293	121	308
281	123	286
280	127	262
282	142	234
269	154	234
266	164	233
264	186	240
280	212	234
301	199	241
312	206	242
302	208	257
327	221	268
306	232	253
295	231	245
273	248	253
262	243	234
285	236	235
307	203	243
304	200	271
315	157	273
301	123	303
288	56	345
244	-58	311
301	-47	261
263	-55	231
271	-26	280
231	23	290
204	37	248
204	73	218
184	98	261
215	99	283
296	93	275
316	114	332
340	166	344
338	213	264
266	261	234
254	267	257
241	284	271
258	309	331
282	339	323
281	374	266
293	320	240
271	287	261
262	252	283
285	204	268
348	124	277
211	145	235
303	165	232
300	139	398
275	153	296
346	197	91
397	286	179
343	189	333
354	171	290
293	123	273
205	99	184
196	76	149
191	41	135
151	-11	164
286	-111	257
340	-125	266
284	-64	205
211	-18	224
231	2	234
208	74	286
269	184	315
322	280	348
316	349	368
293	399	348
301	423	362
324	427	367
318	424	334
281	331	285
259	213	269
290	108	243
236	36	190
208	-52	176
243	-128	181
270	-149	174
248	-111	207
294	-16	267
328	143	337
304	276	363
267	393	396
280	468	420
263	471	395
252	418	376
361	301	335
356	110	183
192	-88	59
148	-204	97
248	-140	223
340	116	384
396	366	515
361	531	508
275	559	468
268	493	353
241	294	258
269	33	164
246	-189	69
173	-301	40
170	-266	117
210	-23	289
330	296	438
375	594	508
356	674	495
315	608	432
288	439	323
306	123	265
311	-200	179
196	-367	103
171	-377	121
191	-236	181
215	-6	270
269	254	376
374	526	401
325	675	341
233	707	381
313	593	385
370	338	335
289	103	238
194	-122	224
138	-299	209
169	-355	240
275	-350	288
293	-147	298
346	129	311
352	319	245
251	441	290
236	566	304
330	596	360
344	501	364
320	329	291
260	108	229
182	-93	212
141	-290	245
209	-346	263
301	-283	310
347	-104	313
331	147	265
270	351	230
227	495	275
279	557	328
340	533	351
271	406	317
269	204	309
295	-28	279
246	-215	243
243	-231	245
304	-101	246
303	66	272
325	183	285
306	250	268
265	298	278
283	309	323
278	313	331
253	306	305
226	244	253
199	143	190
222	44	110
231	-37	69
283	-64	89
298	-24	128
275	69	243
292	159	411
343	229	529
343	274	555
285	299	527
265	287	503
262	267	467
265	246	395
309	198	282
313	103	160
260	33	39
211	15	-29
251	4	18
328	11	66
320	28	127
288	74	208
288	137	293
285	188	396
296	226	468
294	225	501
248	241	509
258	274	479
256	274	460
261	247	405
272	205	322
265	166	213
289	124	66
255	32	-4
246	-33	22
294	-31	108
306	24	219
311	119	330
287	216	393
236	282	413
241	319	401
256	303	348
255	245	307
266	172	268
260	113	226
282	71	243
333	58	259
341	71	258
308	107	276
294	155	291
268	198	294
250	231	303
255	240	300
239	226	298
238	213	285
258	189	281
282	144	266
300	106	245
295	91	246
306	86	242
310	100	271
328	153	308
322	211	306
278	233	296
245	231	287
250	211	283
265	174	277
266	151	270
283	150	275
313	145	274
304	141	270
293	147	273
283	163	270
278	183	265
271	190	264
266	181	265
270	180	277
301	174	273
275	169	246
249	169	223
274	168	240
304	161	280
334	172	298
355	183	285
328	183	251
250	145	239
230	172	243
262	184	256
274	191	254
274	196	251
270	199	270
283	209	289
295	224	282
292	229	290
285	215	276
285	208	293
328	200	289
330	168	241
271	123	208
246	124	215
276	157	248
288	208	256
281	237	250
279	251	250
287	222	261
286	174	228
243	150	215
255	154	233
293	174	267
310	183	273
290	200	262
288	203	256
293	206	256
303	201	265
298	191	250
266	181	250
269	185	259
284	186	258
260	179	248
240	208	257
299	238	328
368	230	339
316	209	296
251	180	256
213	201	264
213	223	276
226	228	294
277	231	297
278	227	293
228	313	238
261	301	221
257	251	252
307	223	304
306	233	341
305	141	379
288	216	323
233	258	346
216	276	356
310	305	318
325	278	281
299	256	331
273	226	321
275	254	339
281	259	358
296	296	316
278	277	281
272	231	301
227	243	305
265	226	301
426	297	279
430	283	288
284	231	291
261	251	280
286	293	308
205	293	323
273	171	208
356	91	192
351	168	234
239	194	296
273	177	230
225	155	277
351	201	270
289	188	273
276	203	269
296	194	286
295	186	288
289	192	275
285	188	282
283	185	287
283	188	285
275	183	338
211	161	279
381	197	146
273	231	265
280	203	245
278	192	271
295	196	240
288	203	220
278	193	259
290	198	267
286	196	267
288	196	240
285	198	243
286	195	260
286	196	249
285	198	244
284	196	248
286	195	262
287	194	258
286	196	247
286	196	251
285	198	251
285	195	250
285	195	246
286	196	256
285	194	260
286	196	250
285	196	248
284	197	246
286	194	255
286	195	254
285	196	250
285	194	252
286	195	254
286	196	253
286	196	250
285	196	248
285	195	251
285	195	254
286	194	253
285	195	253
286	195	251
285	195	250
285	195	251
285	196	251
286	194	253
285	195	252
286	195	251
286	194	251
285	196	251
285	195	251
285	194	251
286	194	252
286	195	252
285	194	251
285	194	251
285	195	251
286	194	251
285	194	251
285	194	251
285	194	251
286	194	252
285	194	251
285	194	251
285	194	251
286	195	251
286	194	252
285	194	252
285	194	251
285	194	251
285	194	251
285	194	251
285	194	251
285	194	251
285	194	253
286	194	251
285	194	251
286	195	251
286	194	251
286	194	251
286	194	252
286	194	252
286	194	252
285	194	252
286	194	251
285	194	251
286	194	252
286	193	251
285	193	252
286	194	252
286	194	251
286	194	251
285	194	252
285	194	252
286	194	251
285	194	252
285	194	252
285	193	252
285	194	251
286	194	251
285	194	251
285	194	251
285	193	252
286	193	251
286	193	251
285	194	251
285	193	252
285	193	251
286	193	252
285	193	251
286	193	251
286	194	251
286	193	251
285	193	251
285	193	252
285	193	251
285	194	251
286	193	251
285	193	251
285	193	252
285	193	251
286	193	251
286	193	252
286	193	251
286	193	251
285	194	251
286	193	251
286	193	251
285	193	251
285	193	252
285	192	251
285	193	251
285	193	251
285	193	252
286	194	251
286	193	251
285	193	251
285	193	251
285	193	251
285	193	251
286	193	251
285	193	252
285	193	252
285	193	252
286	193	251
286	193	251
286	193	251
286	193	251
285	193	252
285	193	251
285	193	251
286	193	252
286	193	251
285	193	251
285	193	251
285	193	251
285	193	252
285	192	252
286	193	251
285	193	251
285	193	251
286	193	251
285	193	251
285	193	251
285	193	251
286	193	251
286	193	251
285	204	189
281	219	272
300	232	189
298	262	155
326	284	205
280	83	280
183	98	637
314	219	174
291	194	294
292	206	267
282	154	291
284	162	265
279	184	248
293	206	237
283	203	291
285	203	281
289	180	251
284	189	278
282	194	279
286	191	266
286	186	239
291	224	252
291	188	251
282	181	255
285	164	297
292	168	248
301	142	245
323	194	248
326	209	290
257	181	369
239	185	430
262	185	486
236	168	382
191	149	276
211	183	260
345	179	185
355	186	241
359	197	179
305	159	121
290	166	146
311	161	161
269	128	148
247	112	184
255	131	263
290	160	230
270	177	307
265	191	408
297	178	500
306	195	560
308	162	528
265	153	420
269	162	300
248	154	209
243	122	102
244	101	8
285	109	2
294	104	100
305	133	209
313	144	275
307	145	385
283	176	477
246	176	510
207	174	537
227	178	430
241	124	288
265	157	231
304	148	123
316	116	44
336	96	48
332	115	118
276	117	191
251	137	262
251	156	376
265	165	477
263	168	518
242	153	507
241	160	401
270	148	299
296	159	233
294	128	132
308	85	61
331	74	39
338	78	83
289	85	143
246	134	246
223	175	340
227	171	410
208	182	486
237	193	547
265	176	490
295	156	348
269	153	273
256	168	220
266	139	201
253	108	201
301	111	206
301	129	218
294	114	253
283	143	263
300	139	285
297	179	326
277	200	327
263	206	281
298	258	251
316	305	267
305	291	253
340	265	226
368	218	243
298	116	286
205	107	276
186	26	309
262	-1	285
275	-3	282
256	-55	290
255	71	278
325	186	248
311	228	219
311	279	267
325	322	303
301	352	290
261	330	263
272	353	204
269	264	193
296	219	219
316	164	250
295	87	293
276	7	308
302	-29	288
316	-56	245
241	11	225
191	150	238
202	209	262
318	285	253
388	383	290
305	340	268
349	411	236
348	300	253
248	224	263
226	186	258
232	141	256
214	26	280
282	-48	260
335	-6	243
312	-28	248
289	138	248
261	176	263
255	243	273
281	298	281
318	349	260
324	361	265
307	384	239
300	266	233
317	194	271
314	94	266
240	16	232
192	-29	237
239	-25	233
262	27	253
258	151	260
327	223	263
377	289	250
321	325	270
300	315	278
257	378	256
266	269	244
278	200	262
323	127	283
296	78	252
221	21	236
189	45	256
229	24	291
288	128	269
323	197	273
340	222	246
313	268	250
303	293	255
254	230	256
265	250	242
318	181	256
300	173	269
289	153	251
288	134	268
253	146	278
250	177	261
281	189	244
318	188	233
296	184	265
276	185	261
282	191	255
289	183	244
285	179	254
285	184	254
284	184	257
283	184	255
286	186	255
284	186	253
287	186	252
287	185	253
288	187	235
309	189	234
325	185	245
301	179	298
265	174	340
251	176	345
268	182	350
265	178	361
280	184	365
268	176	390
245	176	407
243	184	386
241	193	439
229	176	433
252	169	427
253	165	427
237	169	447
230	184	445
239	182	443
241	205	457
220	175	477
215	179	467
234	166	462
231	161	463
213	146	488
208	161	526
206	181	510
211	186	557
191	173	554
184	175	517
173	169	507
148	184	514
161	196	553
175	193	577
186	205	579
180	199	573
142	206	567
121	221	574
106	236	570
78	221	594
65	211	610
47	228	624
63	238	649
75	228	648
59	229	618
28	238	605
19	258	593
-3	234	618
-6	234	647
-18	236	679
4	248	677
-13	244	644
-41	237	601
-38	253	625
-34	263	648
-76	256	660
-63	248	706
-59	246	682
-71	228	645
-72	250	635
-75	251	664
-64	251	685
-79	256	680
-69	243	657
-74	234	640
-74	251	626
-65	240	654
-63	247	685
-78	233	681
-71	228	662
-59	227	652
-48	238	665
-66	239	667
-85	244	661
-85	241	655
-79	240	657
-81	250	662
-69	243	687
-56	226	669
-88	234	656
-84	246	653
-90	251	649
-93	247	659
-91	235	675
-92	241	677
-101	244	673
-91	249	655
-83	241	662
-96	230	668
-88	245	679
-98	235	674
-99	238	649
-92	234	659
-90	240	664
-94	233	669
-91	239	674
-86	243	676
-93	241	666
-86	244	665
-92	242	658
-93	244	668
-94	241	668
-84	236	679
-72	238	684
-63	240	678
-51	241	692
-38	244	632
-38	222	650
-15	246	658
16	250	661
31	244	669
55	219	615
44	216	592
101	228	586
148	238	558
137	231	573
136	232	575
173	211	540
193	209	475
176	210	472
194	221	468
218	201	468
233	181	473
251	191	408
237	207	362
223	185	375
243	199	380
260	190	393
285	186	376
264	179	349
263	189	341
261	193	344
281	189	345
298	176	322
266	177	310
254	180	303
260	183	291
291	196	271
301	189	251
291	173	234
268	173	240
264	186	250
271	190	235
291	186	225
300	179	225
287	183	218
276	181	205
283	178	235
286	193	227
281	183	241
289	193	228
281	184	217
286	182	213
283	184	225
285	197	235
287	192	218
285	183	209
294	184	203
290	192	181
288	188	175
272	196	170
275	191	157
296	192	119
301	185	74
247	190	46
196	196	58
222	201	26
224	204	-3
206	207	-11
171	196	-20
144	198	-32
143	199	-67
160	200	-80
152	198	-79
137	196	-79
107	191	-91
106	184	-97
92	194	-106
81	184	-103
54	196	-104
36	202	-128
33	185	-142
6	181	-147
-25	188	-157
-31	191	-162
-63	190	-183
-97	193	-168
-109	187	-153
-108	185	-166
-109	188	-176
-118	188	-176
-122	197	-179
-141	191	-174
-174	182	-159
-188	193	-161
-177	188	-183
-178	182	-199
-179	175	-193
-179	182	-181
-176	193	-143
-171	194	-150
-161	188	-170
-169	185	-179
-181	186	-174
-185	189	-163
-197	188	-175
-176	188	-179
-173	184	-175
-172	191	-175
-170	191	-172
-179	188	-154
-179	187	-173
-159	191	-180
-176	191	-196
-195	203	-231
-174	171	-139
-146	188	-161
-101	193	-156
-87	198	-207
-66	196	-196
-50	158	-130
-28	177	-115
21	191	-96
63	186	-92
81	187	-108
86	161	-18
152	151	48
203	189	35
200	178	58
215	174	43
235	166	76
239	151	164
270	186	204
280	211	221
252	181	241
296	181	253
345	171	265
331	167	290
308	201	308
306	205	277
287	176	266
283	177	247
265	195	246
272	200	246
290	193	261
309	196	251
283	193	233
257	205	223
266	216	216
268	226	216
273	236	240
284	252	225
265	251	220
266	273	216
291	305	190
285	333	206
279	346	214
280	389	238
260	376	234
219	381	251
215	417	248
206	440	233
203	454	241
226	509	257
216	514	274
179	485	276
156	493	233
134	508	279
159	558	249
109	554	247
82	567	251
74	591	268
75	610	281
76	592	288
111	583	285
93	582	273
68	583	295
64	596	279
51	602	276
41	599	289
56	576	249
40	590	259
41	613	281
19	619	276
-3	598	295
-5	644	285
16	674	282
36	633	270
37	606	310
22	616	298
12	614	283
18	603	271
23	619	264
41	631	261
35	634	253
36	616	250
55	594	278
65	581	268
73	589	251
77	589	248
102	551	256
127	542	258
135	531	258
142	534	265
146	553	257
163	523	225
195	510	222
234	483	250
242	438	260
229	422	248
216	437	243
222	401	219
223	351	248
242	342	264
253	326	245
247	327	252
253	344	274
288	336	287
315	275	251
320	252	250
310	253	266
308	254	296
276	272	280
290	244	241
293	174	295
360	148	254
259	144	254
279	142	263
270	127	293
264	138	278
240	109	275
241	83	267
244	88	270
256	68	252
296	33	261
302	11	275
248	23	307
231	25	300
196	7	280
220	-45	286
198	-83	308
173	-99	305
135	-71	292
108	-44	295
99	-55	317
71	-88	310
44	-136	291
51	-161	318
25	-129	322
24	-117	294
14	-139	291
-23	-184	315
-26	-189	339
-33	-174	327
-49	-174	291
-56	-181	278
-71	-189	291
-92	-206	298
-122	-194	305
-126	-183	308
-116	-164	295
-150	-183	299
-168	-198	318
-190	-183	316
-197	-179	295
-217	-186	313
-228	-196	343
-235	-180	336
-261	-184	338
-221	-128	326
-268	-174	331
-282	-223	332
-304	-236	335
-293	-219	347
-275	-186	345
-265	-165	326
-266	-192	333
-248	-207	334
-253	-193	310
-254	-190	325
-207	-174	371
-136	-138	345
-123	-139	322
-114	-171	308
-104	-173	336
-56	-144	354
-42	-95	355
-19	-84	333
9	-114	381
53	-134	377
49	-126	363
48	-93	342
104	-60	377
124	-56	416
113	-43	382
118	-14	375
158	-24	373
193	-47	373
198	-6	366
193	34	354
220	54	351
223	56	375
234	62	364
260	62	365
227	56	353
233	106	306
307	144	323
343	131	301
343	174	271
318	193	323
280	150	270
241	221	245
259	223	257
290	226	250
326	244	270
324	245	253
303	259	248
307	289	246
337	279	255
416	285	266
350	237	254
278	241	271
268	267	263
257	254	270
238	232	251
264	210	223
310	191	274
307	216	249
268	228	273
268	231	289
265	239	375
383	208	270
294	212	273
283	216	277
285	229	320
284	213	305
270	246	301
278	189	295
297	214	302
268	226	284
278	224	318
301	147	232
298	187	297
282	193	288
277	195	274
285	193	325
228	154	265
368	203	264
231	215	231
310	221	199
295	193	273
295	196	258
285	198	240
280	198	236
284	198	253
286	193	274
285	196	252
287	199	236
285	196	255
285	196	249
285	196	255
284	197	244
285	198	243
286	196	266
285	194	255
286	198	246
285	196	251
285	197	248
285	196	250
285	197	246
285	197	253
286	195	258
285	196	253
286	197	250
285	197	247
284	198	245
285	196	253
285	196	250
286	196	254
285	195	255
286	196	250
285	196	249
285	196	247
285	196	250
286	196	251
285	196	251
286	196	253
285	196	251
286	196	251
286	196	251
285	196	247
285	196	250
286	196	251
286	196	251
285	196	252
286	196	251
286	196	251
286	196	250
285	196	248
286	196	250
285	196	251
286	196	252
286	196	251
286	196	250
285	196	251
285	196	248
285	197	249
286	196	252
285	196	252
286	196	251
285	196	250
285	196	250
286	196	250
285	196	250
285	196	250
286	196	251
286	196	251
285	196	250
286	196	250
286	196	251
285	196	251
285	196	250
285	196	250
285	196	251
286	196	251
286	197	250
285	196	250
285	196	251
285	196	250
285	196	250
285	196	251
286	196	251
285	196	251
285	196	250
285	196	250
286	196	250
286	196	250
287	196	250
285	196	251
285	196	250
286	196	250
285	196	250
285	196	250
286	196	251
285	196	251
286	196	251
286	196	251
285	196	250
285	196	250
286	196	251
285	196	250
286	196	250
286	196	251
285	196	251
285	196	250
285	196	251
285	196	251
285	196	250
285	196	251
285	196	250
286	196	251
285	196	251
285	196	251
286	196	250
285	196	250
285	196	250
286	196	251
285	196	250
285	196	251
286	196	251
285	196	250
285	196	250
285	196	250
286	196	250
286	196	251
285	196	251
286	196	250
285	196	250
285	196	250
285	196	250
285	196	251
286	196	251
287	196	251
286	196	250
285	196	250
285	195	250
286	196	251
285	196	250
285	196	251
285	196	251
286	196	250
286	196	250
286	195	251
286	195	250
285	196	250
286	196	250
286	196	251
285	195	250
286	196	250
285	196	250
286	196	250
287	196	251
286	196	251
286	196	250
286	196	250
285	196	250
285	196	250
286	196	251
286	196	250
285	196	251
286	196	251
285	196	250
285	196	250
285	196	251
285	196	250
286	196	250
284	196	250
285	196	250
286	195	250
285	196	251
286	196	250
285	195	250
285	196	250
286	196	251
285	196	251
285	196	250
285	196	250
286	196	250
285	196	251
285	196	251
286	195	251
285	196	250
286	195	251
285	195	251
285	196	250
286	196	251
286	196	250
286	196	250
285	196	250
285	196	251
286	196	250
285	196	250
285	196	250
286	195	251
285	196	250
285	196	250
286	196	250
285	196	250
285	195	250
285	196	250
285	196	251
285	196	250
286	196	250
286	196	251
286	196	250
285	196	250
286	196	251
286	196	250
286	196	250
285	196	250
285	196	250
286	196	251
286	196	250
286	196	251
285	196	251
285	196	250
285	196	250
285	196	250
285	196	250
285	196	250
286	196	250
286	196	251
285	196	251
286	196	251
285	195	251
285	196	251
285	196	250
285	196	250
285	196	251
285	195	251
285	195	250
285	196	251
285	196	250
286	196	251
286	196	250
285	196	250
285	196	251
286	196	251
285	196	251
286	196	250
287	196	251
286	196	250
286	196	250
285	196	251
286	196	251
285	196	250
286	195	250
286	196	250
286	196	250
285	196	251
286	196	250
285	196	250
286	196	251
285	196	251
285	196	250
286	196	251
285	196	250
286	196	250
286	196	250
286	196	251
286	196	250
286	196	251
285	196	251
285	196	250
285	196	250
285	196	250
286	196	250
286	195	250
286	196	250
286	195	250
284	196	250
285	196	251
286	196	250
286	196	250
285	196	251
285	196	250
285	196	251
285	196	251
285	196	250
285	196	251
285	196	251
286	195	250
286	196	250
286	195	251
285	196	250
286	196	250
285	195	251
286	195	251
285	196	251
286	196	250
285	196	250
285	195	251
286	196	251
285	196	250
285	195	250
286	196	251
286	196	250
285	196	251
285	196	250
285	196	250
286	195	250
285	196	250
285	196	250
286	195	251
285	195	250
286	196	250
286	195	251
286	195	251
286	196	250
286	195	250
286	196	250
286	196	251
286	195	251
286	196	250
285	196	250
285	196	251
286	196	250
285	196	251
286	195	251
286	195	250
285	196	251
286	196	250
285	196	250
285	196	251
286	195	251
286	195	251
286	196	251
285	196	250
286	196	251
285	195	250
285	195	251
286	195	251
285	196	251
286	195	250
285	196	250
285	196	250
286	196	250
285	196	250
285	196	250
286	196	250
286	195	251
286	196	251
286	196	250
286	195	250
285	196	250
285	196	250
285	195	251
285	196	250
285	196	250
286	196	250
285	195	251
285	195	250
285	196	250
285	196	251
286	196	250
285	196	250
286	196	250
286	196	250
286	196	251
285	196	251
285	196	250
285	196	250
285	195	250
285	196	251
285	196	251
286	196	250
286	196	251
286	196	251
286	195	251
286	196	250
286	196	250
285	196	250
285	196	250
286	196	251
285	195	251
285	196	250
285	196	251
286	196	250
285	195	251
285	196	250
286	196	250
286	195	250
285	196	250
285	196	251
286	196	251
286	196	250
286	195	251
285	196	251
286	196	250
285	195	251
285	195	251
285	196	250
286	195	250
285	196	250
286	196	250
285	195	251
286	195	250
286	195	250
286	195	250
285	196	250
286	196	250
286	196	250
285	195	251
286	196	250
285	195	250
286	196	250
285	196	250
285	196	250
285	196	250
286	196	250
285	196	250
286	196	250
285	195	250
285	196	250
285	196	250
285	195	251
286	196	251
285	196	250
286	196	251
285	196	250
285	195	250
285	196	250
286	196	250
285	196	250
285	195	250
286	196	250
285	196	251
285	196	251
285	196	250
286	196	251
286	196	250
285	196	250
286	196	251
286	196	251
286	195	250
286	196	250
286	195	251
285	196	250
286	196	250
286	195	250
285	196	250
285	196	250
286	196	251
285	195	250
285	196	250
285	196	251
286	196	250
286	196	250
286	196	250
286	196	250
285	195	251
286	196	251
285	195	251
286	195	250
285	196	251
286	196	250
286	196	250
286	196	250
286	196	250
285	196	250
285	196	251
286	194	251
285	195	251
285	196	250
286	196	250
287	196	250
286	196	250
285	195	250
285	196	250
285	196	251
286	196	250
285	196	250
285	195	251
285	195	251
286	196	250
286	195	251
285	195	251
286	196	250
285	195	251
285	196	250
285	196	251
286	196	250
285	195	251
286	196	250
286	196	250
285	195	250
285	196	251
286	195	250
286	194	251
285	195	250
286	196	250
286	195	251
285	195	251
286	195	251
286	196	250
286	196	250
285	195	250
285	196	251
286	195	250
285	195	250
285	195	251
285	195	250
286	196	250
285	196	250
285	196	250
286	195	251
285	196	250
285	195	251
285	195	250
285	196	250
285	195	251
284	196	250
285	195	251
286	195	250
286	196	251
285	196	250
285	196	250
286	196	251
286	195	250
286	196	250
285	195	250
286	196	250
285	195	250
285	196	250
286	195	251
285	195	251
285	195	251
285	195	250
286	195	250
286	195	250
285	195	251
285	196	250
286	196	250
285	196	250
286	195	250
285	196	250
285	195	251
285	196	250
286	196	250
285	195	251
286	196	250
286	196	250
286	195	250
286	195	250
285	195	251
285	195	251
286	196	250
285	196	251
285	196	250
285	196	250
285	196	250
285	195	250
286	196	250
285	196	250
285	196	250
286	195	251
286	196	250
286	196	250
286	196	250
286	196	250
285	195	251
285	195	250
285	196	250
		
